161.6766467066
160.9423786546
162.7940362175
167.4930896968
168.5207201087
172.0677172523
176.3882407839
164.0625
164.9351728723
156.6792989105
183.3764553687
164.9351728723
176.4784348599
170.5080012888
187.5753207779
170.2483592845
176.1807528409
181.3322368421
139.6085052498
133.9272156704
170.9670471678
163.1990131579
176.1807528409
166.7086693548
167.6097972973
175.7477804592
167.0982001895
173.2280027933
181.0179695339
175.4797064285
172.265625
179.2359104046
176.1807528409
172.265625
186.4737250112
159.2920353982
186.7325335215
177.1875
181.7848718712
181.8181818182
190.3688426303
167.5249029208
183.5800185014
180.2779796512
179.2359104046
179.2359104046
185.6755239521
172.5652173913
187.5708884688
178.2058189655
180.2779796512
166.3837011885
174.7572815534
189.9952130206
189.072027439
190.2319785276
176.1807528409
178.2058189655
184.5703125
180.2779796512
180.2779796512
172.9977116705
192.8805734419
183.4781804734
180.2779796512
178.6992638617
168.2242990654
169.8113207547
162.1621621622
186.4124181011
169.1095014913
176.5412329864
180.2779796512
175.1853813559
167.6097972973
190.2319785276
183.4781804734
182.3988970588
185.6755239521
171.9186537587
196.7042497832
177.1875
155.2999178307
157.8947368421
165.1376146789
181.1377587112
187.9261363636
175.1853813559
171.3138812155
182.3988970588
179.2359104046
185.6755239521
182.3988970588
206.2139554216
180
186.3817797605
163.9472923293
193.7609841828
180.1143583227
188.29166469
181.3322368421
173.846389698
194.2398512247
186.7940512048
178.3499595578
185.5193044779
186.7940512048
183.7202305182
185.4282977878
187.9261363636
196.7822702596
185.2033317001
190.2319785276
185.6755239521
186.7940512048
184.2875052236
187.0846099458
192.5951086957
191.40625
191.40625
192.5951086957
190.2365374937
208.1006685018
185.6755239521
182.3988970588
186.7940512048
203.9987664474
185.6755239521
187.9261363636
178.8724142593
180.1143583227
145.3207381371
172.8131667175
190.5973876297
188.3229342127
177.6117065312
182.6885457182
192.5530624621
181.3322368421
176.1807528409
166.7086693548
180.2779796512
184.5703125
175.1853813559
183.4781804734
176.1807528409
192.5951086957
126.7848586488
163.9506784807
170.5080012888
185.3330531624
188.9145386611
182.3988970588
178.2058189655
172.265625
177.1875
180.2779796512
179.8817104398
170.5116638742
179.4750050872
178.2058189655
180.1470588235
148.6990240339
186.4036632617
191.40625
184.5703125
177.1875
183.4781804734
181.3322368421
166.7086693548
195.0176886792
182.3988970588
182.3988970588
190.2319785276
183.4781804734
179.2359104046
186.7940512048
171.2732215677
177.6117065312
160.350678733
187.9261363636
190.2319785276
175.2395249238
193.7609841828
178.1818181818
192.5951086957
164.9351728723
183.4781804734
208.1061241611
195.0176886792
203.9987664474
193.798828125
184.5703125
160.626479694
172.8131667175
204.6350957696
171.6361434842
193.3880673374
186.7940512048
181.3322368421
190.2319785276
182.3988970588
184.5703125
195.9322703263
172.512713522
184.5703125
187.9261363636
186.7940512048
189.072027439
200.0504032258
187.9261363636
196.2519778481
191.40625
175.2627395567
187.8371982963
169.4054377054
165.6994948441
187.2699820704
172.9864016736
181.3322368421
182.3988970588
195.0176886792
170.3725961538
184.5703125
189.6638233818
180.7912178013
190.2319785276
184.5703125
201.5846411702
195.652173913
152.5423728814
187.5
196.1937716263
195.1135581555
193.5483870968
193.5483870968
183.8436240678
192.5951086957
177.1123853723
190.3186362656
200.0504032258
184.5703125
195.0176886792
185.6755239521
205.2966430456
179.2763900809
192.5951086957
177.9780722405
191.4893617021
182.5624985626
209.5122466216
210.5514442588
200.3988790992
218.3648767606
205.3497516556
191.3001566454
200
202.2471910112
204.5454545455
204.5454545455
197.0411557365
202.6654411765
191.8318028033
200.8806559368
213.2838948896
196.7286245353
196.7139989592
213.3010882709
202.6654411765
201.3494318182
206.71875
205.3497516556
198.7680288462
200.0504032258
208.1061241611
208.1061241611
201.9179406303
193.5483870968
197.8021978022
219.512195122
197.8021978022
190.8815466744
197.5019904459
192.5951086957
206.6541705717
204.5454545455
178.8643533123
206.0319767442
195.652173913
202.2471910112
183.6734693878
201.507882111
198.7680288462
191.40625
195.0176886792
196.2519778481
196.2519778481
193.798828125
206.71875
201.3494318182
203.1062098611
208.1061241611
188.7842465753
198.8476953908
202.2471910112
206.8965517241
222.2222222222
178.2178217822
206.1229259173
197.5019904459
221.484375
195.0176886792
191.40625
209.5122466216
230.7356916548
183.6734693878
240
206.8965517241
209.9055980115
218.3648767606
208.1061241611
221.484375
210.9375
219.9135638298
222.5836300928
211.7647058824
227.8481012658
214.6681810806
226.3343978102
261.1613752262
236.7008587786
213.8469827586
236.7008587786
231.4015858209
229.6875
226.3343978102
234.5190262349
214.1700841787
235.8639132373
228.3593682575
228.3593682575
255.7674958113
255.7592550826
224.3513651009
241.2326019571
255.8251957846
245.926017721
250.7502290173
258.8534533359
256.2629132231
256.2629132231
246.9128122181
246.124271363
157.8947368421
227.848
