0
1.1133333333
2.2317460317
3.3374376417
4.4121088435
5.4802267574
6.5263265306
7.5468027211
8.6439455782
9.7352834467
10.8841269841
11.8657142857
12.9570521542
13.9770068027
15.032675737
15.9922902494
17.049569161
18.0712471655
19.0639002268
20.3532199546
21.6972335601
22.7500680272
23.853015873
24.8746938776
25.9544217687
27.0283446712
28.0525396825
29.1297505669
30.1688435374
31.1632199546
32.1889795918
33.233877551
34.2381405896
35.2598185941
36.3047165533
37.27
38.4
39.3639455782
40.3798185941
41.37
42.36
43.3055328798
44.38
45.3604988662
46.3589569161
47.3632199546
48.3674829932
49.3369160998
50.38
51.3396371882
52.3497052154
53.3481632653
54.43
55.46
56.4073922902
57.3594104308
58.3056235828
59.3273015873
60.3373696145
61.3126077098
62.3110657596
63.3095238095
64.35
65.2832199546
66.2642630385
67.2627210884
68.27
69.34
70.4
71.51
72.475600907
73.54
74.5595918367
75.5580498866
76.5855328798
77.6594557823
78.6056689342
79.5867120181
80.5735600907
81.5429931973
82.59
83.5050793651
84.520952381
85.68
86.82
87.91
88.9037188209
89.8615419501
90.8890249433
91.9397278912
92.9265759637
93.9308390023
94.9002721088
95.8871201814
96.76
97.76
98.7257596372
99.8236734694
100.7526530612
101.7520181406
102.7079818594
103.7006349206
104.736031746
105.6627210884
106.6263492063
107.635600907
108.6058503401
109.5694784581
110.5492290249
111.5199546485
112.4777777778
113.3924943311
114.364399093
115.3106122449
116.2800453515
117.2436734694
118.2204081633
119.1825396825
120.1171428571
121.0575510204
121.9979591837
122.9325623583
123.8787528345
124.7437188209
125.7131519274
126.7
127.6636281179
128.5459863946
129.5154195011
130.4732426304
131.4795464853
132.4789115646
133.7175510204
134.759138322
135.703537415
136.6593424036
137.6727891156
138.6580725624
139.5928798186
140.5855328798
141.6072108844
142.6869387755
143.6853968254
144.6606349206
145.6881179138
146.6691609977
147.6908390023
148.6254421769
150.045170068
151.1430612245
152.1987301587
153.1699546485
154.1227664399
155.1096145125
156.1196825397
157.1645804989
158.1804535147
159.1789115646
160.179569161
161.2352154195
162.2381405896
163.2482086168
164.2473922902
165.4578911565
166.423537415
167.3639455782
168.3391836735
169.3550566893
170.3360997732
171.3287528345
172.4084807256
173.3314739229
174.3183219955
175.305170068
176.25138322
177.2324263039
178.2366893424
179.2003174603
180.2512698413
181.2647165533
182.3872562358
183.3450793651
184.291292517
185.3184580499
186.2474376417
187.2576417234
188.192244898
189.2835827664
190.2646258503
191.129569161
192.0525623583
192.9349206349
193.8637188209
194.8389569161
195.959569161
197.0011564626
197.8807709751
198.9295011338
199.8602721088
200.8239002268
201.816553288
202.7627664399
203.7496145125
204.7248526077
205.643537415
206.6869387755
207.6621768707
208.62
209.5836281179
210.5356462585
211.4354195011
212.3932426304
213.310430839
214.2508390023
215.2778684807
216.2361451247
217.2986848073
218.3849886621
219.3461678005
220.3867120181
221.3793650794
222.3662131519
223.2892063492
224.3457142857
225.320952381
226.27
227.2656235828
228.2118367347
229.1870748299
230.08
231
232.18
233.14
234.0574603175
234.98
235.91
236.84
237.8190929705
238.7536961451
239.77
240.7157823129
241.6155555556
242.5907936508
243.5137868481
244.4832199546
245.36
246.3640362812
247.2986394558
248.31
249.25
250.2359637188
251.0951020408
251.95
252.8482086168
253.6725170068
254.5490702948
255.49
256.39
257.28
258.16
259.04
259.9535147392
260.8416780045
261.78
262.6760544218
263.52
264.4349659864
265.35
266.193877551
267.0820408163
267.9760090703
268.8467573696
269.7233106576
270.6288888889
271.5286621315
272.3936054422
273.2585487528
274.15
275.08
275.99
276.81
277.72
278.6629931973
279.5743764172
280.5089795918
281.38
282.26
283.2663492063
284.14
285.06
285.95
286.93
287.8232653061
288.7288435374
289.6692517007
290.592244898
291.5094331066
292.4266213152
293.3554195011
294.2261678005
295.1201360544
296.0063718821
296.8713151927
297.8247845805
298.73
299.62
300.49
301.3
302.31
303.1832653061
304.0946485261
304.9073469388
305.8303401361
306.7707482993
307.6298866213
308.41
309.39
310.14
311.01
311.8675283447
312.6918367347
313.5567800454
314.3694784581
315.2228117914
316.0413151927
316.85
317.7
318.49
319.3285034014
320.1237868481
320.813015873
321.5734693878
322.4151927438
323.1756462585
323.9535147392
324.7371882086
325.5324716553
326.3
327.1404535147
327.9036054422
328.6918367347
329.4800680272
330.1838321995
330.8876190476
331.6899319728
332.4360997732
333.1397052154
333.8716326531
334.5894784581
335.2848526077
335.9872562358
336.6896598639
337.4186621315
338.15
339.29
